276 292 381 310 353 364 264 296 317 371
349 392 219 217 226 239 237 284 206 327
213 286 225 272 202 337 249 386 298 303
267 207 234 313 356 220 362 233 201 307
348 212 318 227 369 304 320 300 316 294
354 287 323 270 350 389 345 232 256 228
260 331 242 336 380 238 265 378 280 259
252 290 285 393 375 334 339 397 346 399
315 204 291 379 205 387 321 282 274 394
400 246 325 312 288 208 384 361 295 377
343 360 244 240 395 301 214 335 396 388
254 314 338 209 266 357 374 262 347 352
273 247 333 278 250 299 398 222 231 382
257 370 306 309 230 329 368 332 229 390
367 210 216 224 340 243 328 359 293 385
358 283 279 255 241 268 383 297 200 355
223 373 341 305 258 322 351 289 326 281
221 275 391 342 319 248 324 236 344 363
269 235 330 376 365 311 261 253 302 263
251 308 211 366 271 218 245 277 203 372
230 361 233 345 242 338 243 219 265 358
329 281 328 332 277 231 267 276 234 378
255 372 400 334 271 220 384 315 295 207
298 314 342 357 351 224 327 365 299 375
205 288 368 369 339 258 274 283 204 333
237 353 391 253 331 217 373 371 308 337
398 297 302 254 349 347 346 228 247 364
256 261 289 383 203 270 355 380 352 376
246 399 313 218 350 211 304 249 307 227
366 385 318 370 377 284 282 309 300 291
363 301 260 336 305 392 259 293 367 200
268 303 311 359 294 320 229 395 322 223
225 236 344 386 382 290 264 216 330 321
325 393 226 238 240 343 323 387 394 389
286 232 319 348 362 396 210 356 296 257
245 388 306 273 250 213 201 397 278 221
279 390 354 275 285 341 335 316 212 340
379 263 208 292 222 280 251 317 287 266
252 239 326 360 209 215 374 248 269 235
324 310 262 202 272 312 214 381 241 206